1082828,ToddSMedley,2022-11-11 10:24:00,1,New Jersey fishermen hope to reel Supreme Court into a fight over federal regulatory overreach. What do you think: https://www.foxnews.com/politics/new-jersey-fishermen-hope-reel-supreme-court-fight-federal-regulatory-overreach
