283596,OhioFisherman,2008-12-24 17:42:00,6623,
